1) 
-----------------------------------

m   a   a⁺   Dₐ         m   b   b⁺   D_b
0   0   0    0          0   0   0    0
1   0   0    0          1   0   1    1
2   0   0    0          2   1   1    1
3   0   1    1          3   1   1    1
4   1   1    1          4   0   0    0
5   1   0    0          5   0   0    0
6   1   1    1          6   1   1    1
7   1   1    1          7   1   0    0

 Da (Da = b·c + a·c'):

ab\c | 0 | 1
----------------
00   |   |  
01   |   | 1
11   | 1 | 1
10   | 1 |  

 Db (Db = b'·c + a'·b):

ab\c | 0 | 1
----------------
00   |   | 1
01   | 1 | 1
11   |   |  
10   |   | 1


2) 
--------------------------------------

Flip-Flop A:

m   a   a⁺   Sₐ   Rₐ
0   0   0    0    x
1   0   0    0    X
2   0   0    0    x
3   0   1    0    1
4   1   1    x    0
5   1   0    1    0
6   1   1    x    0
7   1   1    X    0

Flip-Flop B:

m   b   b⁺   S_b   R_b
0   0   0    0     x
1   0   1    0     1
2   1   1    x     0
3   1   1    X     0
4   0   0    0     x
5   0   0    0     X
6   1   1    x     0
7   1   0    1     0

 Sa (Sa = a·b'·c):

ab\c | 0 | 1
----------------
00   |   |  
01   |   | 1
11   |   |  
10   | 1 |  

 Ra (Ra = a'·b·c):

ab\c | 0 | 1
----------------
00   |   |  
01   |   |  
11   | 1 |  
10   |   |  

 Sb (Sb = a·b·c):

ab\c | 0 | 1
----------------
00   |   | 1
01   |   |  
11   | 1 |  
10   |   |  

 Rb (Rb = a'·b'·c):

ab\c | 0 | 1
----------------
00   |   | 1
01   |   |  
11   |   |  
10   |   |  


3) 
----------------------------------

Flip-Flop A:

m   a   a⁺   Tₐ
0   0   0    0
1   0   0    0
2   0   0    0
3   0   1    1
4   1   1    1
5   1   0    0
6   1   1    1
7   1   1    1

Flip-Flop B:

m   b   b⁺   T_b
0   0   0    0
1   0   1    1
2   1   1    1
3   1   1    1
4   0   0    0
5   0   0    0
6   1   1    1
7   1   0    0

Ta (Ta = b·c + a·c'):

ab\c | 0 | 1
----------------
00   |   |  
01   |   | 1
11   | 1 | 1
10   | 1 |  

Tb (Tb = a'·c + b·c'):

ab\c | 0 | 1
----------------
00   |   | 1
01   | 1 | 1
11   | 1 |  
10   |   |  
